$MeshFormat
4.1 0 8
$EndMeshFormat
$Entities
6 6 1 0
2 0.044125 0.00732 0 0 
3 0 0 0 0 
4 0.049 0 0 0 
5 0 0.023 0 0 
6 0.049 0.023 0 0 
7 0.01413 0.013005 0 0 
6 0.0358749 0.003194900000000001 -1e-007 0.0441251 0.0114451 1e-007 0 2 2 -2 
7 -9.999999999940612e-008 -1e-007 -1e-007 0.0490001 1e-007 1e-007 0 2 3 -4 
8 -1e-007 -9.999999999940612e-008 -1e-007 1e-007 0.0230001 1e-007 0 2 5 -3 
9 0.0489999 -9.999999999940612e-008 -1e-007 0.0490001 0.0230001 1e-007 0 2 4 -6 
10 -9.999999999940612e-008 0.0229999 -1e-007 0.0490001 0.0230001 1e-007 0 2 6 -5 
11 0.0058799 0.0088799 -1e-007 0.0141301 0.0171301 1e-007 0 2 7 -7 
1 -9.999999999940612e-008 -9.999999999940612e-008 -1e-007 0.0490001 0.0230001 1e-007 0 6 7 9 10 8 6 11 
$EndEntities
$Nodes
13 335 1 335
0 2 0 1
1
0.044125 0.00732 0
0 3 0 1
2
0 -0 0
0 4 0 1
3
0.049 -0 0
0 5 0 1
4
0 0.023 0
0 6 0 1
5
0.049 0.023 0
0 7 0 1
6
0.01413 0.013005 0
1 6 0 13
7
8
9
10
11
12
13
14
15
16
17
18
19
0.04371649658009748 0.009109770423859929 0
0.04257189543266728 0.01054505486518062 0
0.04091789885256979 0.01134157763775002 0
0.03908210114743019 0.01134157763775002 0
0.03742810456733272 0.01054505486518062 0
0.03628350341990252 0.009109770423859916 0
0.035875 0.007319999999999986 0
0.03628350341990253 0.005530229576140059 0
0.03742810456733274 0.004094945134819367 0
0.03908210114743022 0.003298422362249973 0
0.04091789885256982 0.003298422362249982 0
0.0425718954326673 0.004094945134819391 0
0.04371649658009748 0.005530229576140082 0
1 7 0 19
20
21
22
23
24
25
26
27
28
29
30
31
32
33
34
35
36
37
38
0.002449999999999998 0 0
0.004899999999999996 0 0
0.007349999999999995 0 0
0.009799999999999993 0 0
0.01225 0 0
0.0147 0 0
0.01715 0 0
0.01960000000000001 0 0
0.02205 0 0
0.0245 0 0
0.02694999999999999 0 0
0.02939999999999999 0 0
0.03185 0 0
0.0343 0 0
0.03675 0 0
0.03920000000000001 0 0
0.04165000000000002 0 0
0.04410000000000002 0 0
0.04655000000000001 0 0
1 8 0 9
39
40
41
42
43
44
45
46
47
0 0.0207 0
0 0.0184 0
0 0.01610000000000001 0
0 0.01380000000000001 0
0 0.01150000000000001 0
0 0.009200000000000015 0
0 0.006900000000000014 0
0 0.00460000000000001 0
0 0.002300000000000003 0
1 9 0 9
48
49
50
51
52
53
54
55
56
0.049 0.002299999999999998 0
0.049 0.004599999999999996 0
0.049 0.006899999999999992 0
0.049 0.009199999999999989 0
0.049 0.01149999999999999 0
0.049 0.01379999999999998 0
0.049 0.01609999999999999 0
0.049 0.01839999999999999 0
0.049 0.0207 0
1 10 0 19
57
58
59
60
61
62
63
64
65
66
67
68
69
70
71
72
73
74
75
0.04655 0.023 0
0.04410000000000001 0.023 0
0.04165000000000001 0.023 0
0.03920000000000001 0.023 0
0.03675 0.023 0
0.0343 0.023 0
0.03185 0.023 0
0.0294 0.023 0
0.02695 0.023 0
0.0245 0.023 0
0.02205000000000001 0.023 0
0.01960000000000001 0.023 0
0.01715000000000001 0.023 0
0.0147 0.023 0
0.01225 0.023 0
0.009799999999999989 0.023 0
0.007349999999999982 0.023 0
0.004899999999999981 0.023 0
0.002449999999999994 0.023 0
1 11 0 13
76
77
78
79
80
81
82
83
84
85
86
87
88
0.01372149658009748 0.01479477042385993 0
0.01257689543266727 0.01623005486518063 0
0.01092289885256979 0.01702657763775002 0
0.009087101147430197 0.01702657763775002 0
0.007433104567332715 0.01623005486518062 0
0.006288503419902516 0.01479477042385991 0
0.00588 0.01300499999999999 0
0.006288503419902528 0.01121522957614006 0
0.007433104567332737 0.009779945134819366 0
0.009087101147430224 0.008983422362249971 0
0.01092289885256982 0.008983422362249981 0
0.01257689543266729 0.00977994513481939 0
0.01372149658009748 0.01121522957614008 0
2 1 0 247
89
90
91
92
93
94
95
96
97
98
99
100
101
102
103
104
105
106
107
108
109
110
111
112
113
114
115
116
117
118
119
120
121
122
123
124
125
126
127
128
129
130
131
132
133
134
135
136
137
138
139
140
141
142
143
144
145
146
147
148
149
150
151
152
153
154
155
156
157
158
159
160
161
162
163
164
165
166
167
168
169
170
171
172
173
174
175
176
177
178
179
180
181
182
183
184
185
186
187
188
189
190
191
192
193
194
195
196
197
198
199
200
201
202
203
204
205
206
207
208
209
210
211
212
213
214
215
216
217
218
219
220
221
222
223
224
225
226
227
228
229
230
231
232
233
234
235
236
237
238
239
240
241
242
243
244
245
246
247
248
249
250
251
252
253
254
255
256
257
258
259
260
261
262
263
264
265
266
267
268
269
270
271
272
273
274
275
276
277
278
279
280
281
282
283
284
285
286
287
288
289
290
291
292
293
294
295
296
297
298
299
300
301
302
303
304
305
306
307
308
309
310
311
312
313
314
315
316
317
318
319
320
321
322
323
324
325
326
327
328
329
330
331
332
333
334
335
0.0288384076831274 0.01846735199552669 0
0.02858452146357059 0.003749376188812298 0
0.01611846531162968 0.009617096794687601 0
0.03551067222417383 0.01387681826390394 0
0.01647500344212756 0.01305559626434867 0
0.03228889550483468 0.01028696804321291 0
0.04292316389437124 0.01444777897976533 0
0.02061190833938787 0.01366801050617285 0
0.02476581733325911 0.01197918274579859 0
0.03223113384876961 0.01407821839349609 0
0.005686806058759823 0.007179810315457144 0
0.01277263190875772 0.006743854286529048 0
0.01975337859457893 0.009022920572660964 0
0.0351330184489806 0.01680420361400026 0
0.01890870023128938 0.01663908764306887 0
0.02848404456315537 0.01101790259619349 0
0.03296003328879143 0.003351870431863371 0
0.04098224338050031 0.0188103931256974 0
0.0326529426488831 0.0178641034969123 0
0.02386367039843587 0.004139138825313099 0
0.005741038572624205 0.01787957238172172 0
0.04553240810555122 0.01603766477869982 0
0.02585298103052715 0.01466483958688825 0
0.009382118693851185 0.003493888938535009 0
0.01137410149958235 0.0196144486796279 0
0.01549945189090796 0.01966662114813621 0
0.02408696322956266 0.01786492291541275 0
0.003079363860741525 0.01446426723247193 0
0.04587117717048336 0.01239960994258282 0
0.01611768126829154 0.01641369178525304 0
0.03872748759476082 0.01424234709546801 0
0.0323966122505997 0.006692328666816003 0
0.02870312606266711 0.01454614728985556 0
0.03737884145218597 0.01793305474774202 0
0.003070828997608428 0.01047019840488479 0
0.01550972857651707 0.007149655937999418 0
0.01837269097554879 0.004803334681424065 0
0.04579196455292929 0.005573950764385043 0
0.02832894760794631 0.007424156498006415 0
0.00514208419183395 0.00373750116506006 0
0.01366680277371636 0.003650160009854129 0
0.007840211457656142 0.0190341324777265 0
0.0240514576860873 0.008189930036551196 0
0.04496213853411204 0.01892242094457492 0
0.03591668837407083 0.003087142674142724 0
0.003198548438440738 0.007630665315670253 0
0.02026701508916011 0.01960061283123713 0
0.00319610048653865 0.01909056296183593 0
0.04595865654655677 0.009633879947007705 0
0.009261101940689862 0.006756296484828464 0
0.03625592995058328 0.01736862918087114 0
0.03583942072609299 0.02046652737387101 0
0.03347647132444155 0.02043205174845615 0
0.03389298054893185 0.01733415355545628 0
0.03486620063751242 0.01890034046466365 0
0.04587531054974303 0.007603915355696374 0
0.04739598227646465 0.005086975382192519 0
0.04747932827327839 0.009416939973503846 0
0.04743765527487152 0.007251957677848182 0
0.004683933640322019 0.01462951882816592 0
0.003075096429174976 0.01246723281867836 0
0.004679666208755477 0.01084271399051242 0
0.004477548214587487 0.01273611640933917 0
0.04494598227646465 0.002786975382192521 0
0.04697299113823233 0.00254348769109626 0
0.0291192038415637 0.02073367599776334 0
0.03074567516600525 0.0181657277462195 0
0.03129783758300263 0.02058286387310975 0
0.01993350754458006 0.02130030641561857 0
0.01509972594545398 0.02133331057406811 0
0.01788323349003403 0.01963361698968667 0
0.01751661674501702 0.02131680849484333 0
0.003134688718024581 0.009050431860277521 0
0.004442677248600278 0.007405237815563698 0
0.005987654739331175 0.0091975199457986 0
0.004561171728677877 0.00912397590303806 0
0.03610009589698668 0.004308686125141391 0
0.03434005783525111 0.006111279121478031 0
0.03267832276969557 0.005022099549339687 0
0.03443836083143113 0.003219506553003048 0
0.03438920933334112 0.00466539283724054 0
0.02395756404226159 0.006164534430932147 0
0.02622409593100323 0.003944257507062699 0
0.02845673453575845 0.005586766343409356 0
0.02619020264701681 0.007807043267278805 0
0.02620714928901002 0.005875650387170752 0
0.02899226073178529 0.001874688094406149 0
0.03363001664439572 0.001675935215931686 0
0.03077227737618101 0.003550623310337835 0
0.0313111386880905 0.001775311655168917 0
0.02646268545634503 0.01816613745546972 0
0.02429348161478133 0.02043246145770638 0
0.02670634272817251 0.02058306872773486 0
0.01152446073378377 0.003572024474194569 0
0.01321971734123704 0.005197007148191589 0
0.01101686692472379 0.006750075385678756 0
0.009321610317270523 0.005125092711681736 0
0.01127066382925378 0.005161049929936663 0
0.02418183519921794 0.00206956941265655 0
0.02658704796550161 0.001972128753531349 0
0.0189863454877744 0.002401667340712033 0
0.02111818068699233 0.004471236753368582 0
0.02158409034349617 0.002235618376684291 0
0.03755834418703542 0.001543571337071363 0
0.03559418041571557 0.001609753276501525 0
0.01601974687463258 0.004226747345639097 0
0.01694120977603293 0.005976495309711742 0
0.01414118024263739 0.006946755112264233 0
0.01508046355863498 0.005586751228951664 0
0.005021042095916972 0.00186875058253003 0
0.002571042095916975 0.004168750582530035 0
0.002510521047958486 0.002084375291265017 0
0.04743558858524168 0.0130998049712914 0
0.04591491685852007 0.01101674494479526 0
0.04745745842926004 0.01125837247239762 0
0.03711907990946733 0.01405958267968597 0
0.03589708782203817 0.01149329434388193 0
0.03890479437109551 0.01279196236660901 0
0.03727359223840003 0.01230231877243329 0
0.02496997213004491 0.0162648812511505 0
0.02727805354659713 0.01460549343837191 0
0.02877076687289726 0.01650674964269112 0
0.02687036950147108 0.01638581544692082 0
0.01434768037214849 0.009698520964753495 0
0.01629673437687862 0.01133634652951814 0
0.01530250172106378 0.01303029813217434 0
0.01500911547848805 0.01127578805282911 0
0.04274752966351926 0.01249641692247298 0
0.04082532574456603 0.01434506303761667 0
0.04087161229856791 0.01284332033768334 0
0.02190241814033312 0.008606425304606081 0
0.01906303478506386 0.006913127627042515 0
0.02151029941366272 0.006538831028987331 0
0.01854345589075772 0.01336180338526076 0
0.0179359219531043 0.009320008683674282 0
0.0201826434669834 0.01134546553941691 0
0.01823968892193101 0.01134090603446752 0
0.03226001467680215 0.0121825932183545 0
0.0342861994623686 0.009698369233536413 0
0.03387090303647172 0.01397751832870002 0
0.03407855124942016 0.01183794378111822 0
0.01058705074979117 0.02130722433981395 0
0.01343677669524515 0.01964053491388206 0
0.01284338834762257 0.02132026745694103 0
0.03532184533657722 0.0153405109389521 0
0.03244203824882635 0.01597116094520419 0
0.03388194179270178 0.01565583594207815 0
0.04453106926705602 0.02096121047228746 0
0.04698106926705602 0.01866121047228746 0
0.04676553463352802 0.02083060523614373 0
0.02530939918189313 0.01332201116634342 0
0.02234943578447527 0.0157664667107928 0
0.02268886283632349 0.01282359662598572 0
0.0238294174831842 0.01454423893856811 0
0.03036277992927301 0.007058242582411209 0
0.03056752865272701 0.005304432946374522 0
0.03046712995571836 0.01431218284167583 0
0.02859358531291124 0.01278202494302453 0
0.03038647003399502 0.0106524353197032 0
0.03042679999485669 0.01248230908068951 0
0.01580856657959975 0.01804015646669463 0
0.01751319074979046 0.01652638971416096 0
0.01958785766022475 0.018119850237153 0
0.01769821211991225 0.01808000335192381 0
0.02662493094820724 0.01149854267099604 0
0.02695149224740218 0.01305201805468397 0
0.04422778599996123 0.01524272187923257 0
0.04524727331983163 0.01748004286163737 0
0.04297219095730617 0.01886640703513616 0
0.04195270363743578 0.01662908605273136 0
0.04359998847863371 0.01705456445718437 0
0.04009112169025016 0.0209051965628487 0
0.04231109547865309 0.02093320351756808 0
0.03918054241634314 0.01837172393671971 0
0.03796527120817157 0.02068586196835986 0
0.01976030428533863 0.01515354907462086 0
0.01629634235520955 0.01473464402480086 0
0.01802832332027409 0.01494409654971086 0
0.02840649608555084 0.009221029547099954 0
0.03234275387771719 0.008489648355014456 0
0.03037462498163402 0.008855338951057203 0
0.02217698915936139 0.01873276787332494 0
0.0221134945796807 0.02086638393666247 0
0.03805316452347339 0.01608770092160501 0
0.04000293408045458 0.01635839348716819 0
0.04426527598961202 0.01008946740609416 0
0.04495848227646464 0.006446975382192521 0
0.04479590356492026 0.00835684288977815 0
0.01197549846612481 0.01792225177240427 0
0.01434728835047941 0.01632187332521683 0
0.01389203252286228 0.01798120411954945 0
0.007262101442842568 0.003615695051797535 0
0.007473953999724843 0.006968053400142804 0
0.005414445125296888 0.005458655740258602 0
0.007368027721283706 0.00529187422597017 0
0.0443971705324273 0.01342369446117407 0
0.04726620405277561 0.0149188323893499 0
0.04583168729260145 0.01417126342526199 0
0.001539681930370761 0.01413213361623597 0
0.001535414498804212 0.009835099202442401 0
0.001537548214587486 0.01198361640933918 0
0.0126747636707125 0.008261899710674219 0
0.01581409694407337 0.008383376366343509 0
0.01424443030739294 0.008322638038508865 0
0.006370105728828061 0.02101706623886325 0
0.004048050243269315 0.02104528148091796 0
0.004468569529581426 0.01848506767177882 0
0.006790625015140175 0.01845685242972411 0
0.005419337629204744 0.01975106695532104 0
0.03060640256086181 0.01623895529394766 0
0.04333594771633366 0.002047472567409695 0
0.04433123942828107 0.004158602479166301 0
0.009591059346925588 0.001746944469267505 0
0.01418340138685818 0.001825080004927064 0
0.01188723036689189 0.001786012237097285 0
0.03914105057371511 0.001649211181124986 0
0.03749322437718408 0.002819258235945364 0
0.01500891946765352 0.01476470722433039 0
0.001598050243269325 0.01874528148091797 0
0.002024025121634659 0.02087264074045898 0
0.001599274219220369 0.006115332657835131 0
0.00156734435901229 0.007975215930138765 0
0.04433122326101967 0.01175658093363412 0
0.02440863750967321 0.01008455639117489 0
0.02640756679761203 0.009652792969137423 0
0.0341088769388586 0.00790482417750722 0
0.04712363665991581 0.01679002143081867 0
0.0222956404883283 0.0107150109652959 0
0.006014770996263359 0.01633717140279082 0
0.003137732173640086 0.01677741509715393 0
0.004576251584951721 0.01655729324997237 0
0.007306050721421282 0.001807847525898768 0
0.0366875049300253 0.01571410593027856 0
0.01743856586456862 0.007648251996693011 0
0.009174101544060044 0.007869859423539217 0
0.007453529283528791 0.008373999267481086 0
0.001568866086820042 0.01643870754857697 0
0.01658487343731629 0.002113373672819548 0
0.008463656302543171 0.01803035505773826 0
0.007111864791236445 0.01734345364745236 0
0.02096864672235001 0.0169431584739729 0
0.0109698828886468 0.007866748873964368 0
0.009607156478619244 0.0193242905786772 0
0.01026502766559452 0.01817543410821362 0
0.003506859672258627 0.005786994199046867 0
0.008478578239309613 0.0211621452893386 0
0.04128394942628492 0.001649211181124991 0
$EndNodes
$Elements
13 386 1 386
0 2 15 1
1 1 
0 3 15 1
2 2 
0 4 15 1
3 3 
0 5 15 1
4 4 
0 6 15 1
5 5 
0 7 15 1
6 6 
1 6 1 14
7 1 7 
8 7 8 
9 8 9 
10 9 10 
11 10 11 
12 11 12 
13 12 13 
14 13 14 
15 14 15 
16 15 16 
17 16 17 
18 17 18 
19 18 19 
20 19 1 
1 7 1 20
21 2 20 
22 20 21 
23 21 22 
24 22 23 
25 23 24 
26 24 25 
27 25 26 
28 26 27 
29 27 28 
30 28 29 
31 29 30 
32 30 31 
33 31 32 
34 32 33 
35 33 34 
36 34 35 
37 35 36 
38 36 37 
39 37 38 
40 38 3 
1 8 1 10
41 4 39 
42 39 40 
43 40 41 
44 41 42 
45 42 43 
46 43 44 
47 44 45 
48 45 46 
49 46 47 
50 47 2 
1 9 1 10
51 3 48 
52 48 49 
53 49 50 
54 50 51 
55 51 52 
56 52 53 
57 53 54 
58 54 55 
59 55 56 
60 56 5 
1 10 1 20
61 5 57 
62 57 58 
63 58 59 
64 59 60 
65 60 61 
66 61 62 
67 62 63 
68 63 64 
69 64 65 
70 65 66 
71 66 67 
72 67 68 
73 68 69 
74 69 70 
75 70 71 
76 71 72 
77 72 73 
78 73 74 
79 74 75 
80 75 4 
1 11 1 14
81 6 76 
82 76 77 
83 77 78 
84 78 79 
85 79 80 
86 80 81 
87 81 82 
88 82 83 
89 83 84 
90 84 85 
91 85 86 
92 86 87 
93 87 88 
94 88 6 
2 1 3 292
95 102 139 143 142 
96 139 122 140 143 
97 143 140 62 141 
98 142 143 141 107 
99 137 144 147 146 
100 144 126 145 147 
101 147 145 49 50 
102 146 147 50 51 
103 83 82 151 150 
104 82 81 148 151 
105 151 148 116 149 
106 150 151 149 123 
107 37 38 153 152 
108 38 3 48 153 
109 153 48 49 145 
110 152 153 145 126 
111 62 63 156 141 
112 63 64 154 156 
113 156 154 89 155 
114 141 156 155 107 
115 135 157 160 159 
116 157 68 69 160 
117 160 69 70 158 
118 159 160 158 114 
119 83 150 164 163 
120 150 123 161 164 
121 164 161 134 162 
122 163 164 162 99 
123 133 165 169 168 
124 165 14 166 169 
125 169 166 120 167 
126 168 169 167 105 
127 131 170 174 173 
128 170 108 171 174 
129 174 171 90 172 
130 173 174 172 127 
131 90 175 178 177 
132 175 31 32 178 
133 178 32 33 176 
134 177 178 176 105 
135 115 179 181 180 
136 179 89 154 181 
137 181 154 64 65 
138 180 181 65 66 
139 112 182 186 185 
140 182 129 183 186 
141 186 183 100 184 
142 185 186 184 138 
143 108 187 188 171 
144 187 29 30 188 
145 188 30 31 175 
146 171 188 175 90 
147 125 189 191 190 
148 189 27 28 191 
149 191 28 29 187 
150 190 191 187 108 
151 35 192 193 34 
152 192 133 168 193 
153 193 168 105 176 
154 34 193 176 33 
155 100 183 197 196 
156 183 129 194 197 
157 197 194 125 195 
158 196 197 195 124 
159 46 47 200 199 
160 47 2 20 200 
161 200 20 21 198 
162 199 200 198 128 
163 137 146 203 202 
164 146 51 52 203 
165 203 52 53 201 
166 202 203 201 117 
167 119 204 207 206 
168 204 92 205 207 
169 207 205 12 11 
170 206 207 11 10 
171 115 208 211 179 
172 208 111 209 211 
173 211 209 121 210 
174 179 211 210 89 
175 87 212 215 88 
176 212 91 213 215 
177 215 213 93 214 
178 88 215 214 6 
179 119 206 218 217 
180 206 10 9 218 
181 218 9 8 216 
182 217 218 216 95 
183 125 190 221 220 
184 190 108 170 221 
185 221 170 131 219 
186 220 221 219 101 
187 96 222 225 224 
188 222 93 213 225 
189 225 213 91 223 
190 224 225 223 101 
191 98 226 229 228 
192 226 94 227 229 
193 229 227 12 205 
194 228 229 205 92 
195 72 230 232 71 
196 230 113 231 232 
197 232 231 114 158 
198 71 232 158 70 
199 92 233 235 228 
200 233 102 142 235 
201 235 142 107 234 
202 228 235 234 98 
203 58 236 238 57 
204 236 132 237 238 
205 238 237 55 56 
206 57 238 56 5 
207 97 239 242 241 
208 239 111 208 242 
209 242 208 115 240 
210 241 242 240 96 
211 90 177 244 172 
212 177 105 167 244 
213 244 167 120 243 
214 172 244 243 127 
215 94 226 248 247 
216 226 98 245 248 
217 248 245 121 246 
218 247 248 246 104 
219 135 159 252 251 
220 159 114 249 252 
221 252 249 118 250 
222 251 252 250 103 
223 97 253 254 239 
224 253 104 246 254 
225 254 246 121 209 
226 239 254 209 111 
227 95 255 259 258 
228 255 110 256 259 
229 259 256 132 257 
230 258 259 257 106 
231 60 260 261 59 
232 260 106 257 261 
233 261 257 132 236 
234 59 261 236 58 
235 106 260 263 262 
236 260 60 61 263 
237 263 61 62 140 
238 262 263 140 122 
239 96 264 266 222 
240 264 103 250 266 
241 266 250 118 265 
242 222 266 265 93 
243 104 267 269 247 
244 267 127 243 269 
245 269 243 120 268 
246 247 269 268 94 
247 115 180 271 270 
248 180 66 67 271 
249 271 67 68 157 
250 270 271 157 135 
251 95 258 273 217 
252 258 106 262 273 
253 273 262 122 272 
254 217 273 272 119 
255 126 144 276 275 
256 144 137 274 276 
257 276 274 8 7 
258 275 276 7 1 
259 113 277 279 231 
260 277 77 278 279 
261 279 278 118 249 
262 231 279 249 114 
263 128 280 283 282 
264 280 112 185 283 
265 283 185 138 281 
266 282 283 281 99 
267 95 284 286 255 
268 284 117 201 286 
269 286 201 53 285 
270 255 286 285 110 
271 116 287 289 149 
272 287 42 43 289 
273 289 43 44 288 
274 149 289 288 123 
275 91 212 292 291 
276 212 87 290 292 
277 292 290 100 196 
278 291 292 196 124 
279 130 293 297 296 
280 293 74 294 297 
281 297 294 136 295 
282 296 297 295 109 
283 89 210 298 155 
284 210 121 245 298 
285 298 245 98 234 
286 155 298 234 107 
287 37 152 300 299 
288 152 126 275 300 
289 300 275 1 19 
290 299 300 19 18 
291 112 301 303 182 
292 301 23 24 303 
293 303 24 25 302 
294 182 303 302 129 
295 35 304 305 192 
296 304 16 15 305 
297 305 15 14 165 
298 192 305 165 133 
299 77 76 306 278 
300 76 6 214 306 
301 306 214 93 265 
302 278 306 265 118 
303 74 75 308 294 
304 75 4 39 308 
305 308 39 40 307 
306 294 308 307 136 
307 123 288 310 161 
308 288 44 45 310 
309 310 45 46 309 
310 161 310 309 134 
311 95 216 311 284 
312 216 8 274 311 
313 311 274 137 202 
314 284 311 202 117 
315 104 253 313 267 
316 253 97 312 313 
317 313 312 131 173 
318 267 313 173 127 
319 14 13 314 166 
320 13 12 227 314 
321 314 227 94 268 
322 166 314 268 120 
323 53 54 315 285 
324 54 55 237 315 
325 315 237 132 256 
326 285 315 256 110 
327 96 224 316 241 
328 224 101 219 316 
329 316 219 131 312 
330 241 316 312 97 
331 81 317 319 148 
332 317 109 295 319 
333 319 295 136 318 
334 148 319 318 116 
335 23 301 320 22 
336 301 112 280 320 
337 320 280 128 198 
338 22 320 198 21 
339 92 204 321 233 
340 204 119 272 321 
341 321 272 122 139 
342 233 321 139 102 
343 91 291 322 223 
344 291 124 195 322 
345 322 195 125 220 
346 223 322 220 101 
347 83 163 324 84 
348 163 99 281 324 
349 324 281 138 323 
350 84 324 323 85 
351 42 287 325 41 
352 287 116 318 325 
353 325 318 136 307 
354 41 325 307 40 
355 27 189 326 26 
356 189 125 194 326 
357 326 194 129 302 
358 26 326 302 25 
359 81 80 328 317 
360 80 79 327 328 
361 328 327 130 296 
362 317 328 296 109 
363 96 240 329 264 
364 240 115 270 329 
365 329 270 135 251 
366 264 329 251 103 
367 87 86 330 290 
368 86 85 323 330 
369 330 323 138 184 
370 290 330 184 100 
371 77 277 332 78 
372 277 113 331 332 
373 332 331 130 327 
374 78 332 327 79 
375 99 162 333 282 
376 162 134 309 333 
377 333 309 46 199 
378 282 333 199 128 
379 74 293 334 73 
380 293 130 331 334 
381 334 331 113 230 
382 73 334 230 72 
383 35 36 335 304 
384 36 37 299 335 
385 335 299 18 17 
386 304 335 17 16 
$EndElements
